solid vcg
  facet normal 0.000000e+000 -9.993979e-001 3.469628e-002
    outer loop
      vertex  0.000000e+000 -1.000000e+000 0.000000e+000
      vertex  3.469608e-002 -9.987954e-001 3.469608e-002
      vertex  -3.469608e-002 -9.987954e-001 3.469608e-002
    endloop
  endfacet
  facet normal 3.469628e-002 -9.993979e-001 0.000000e+000
    outer loop
      vertex  0.000000e+000 -1.000000e+000 0.000000e+000
      vertex  3.469608e-002 -9.987954e-001 -3.469608e-002
      vertex  3.469608e-002 -9.987954e-001 3.469608e-002
    endloop
  endfacet
  facet normal 0.000000e+000 -9.993979e-001 -3.469628e-002
    outer loop
      vertex  0.000000e+000 -1.000000e+000 0.000000e+000
      vertex  -3.469608e-002 -9.987954e-001 -3.469608e-002
      vertex  3.469608e-002 -9.987954e-001 -3.469608e-002
    endloop
  endfacet
  facet normal -3.469628e-002 -9.993979e-001 0.000000e+000
    outer loop
      vertex  0.000000e+000 -1.000000e+000 0.000000e+000
      vertex  -3.469608e-002 -9.987954e-001 3.469608e-002
      vertex  -3.469608e-002 -9.987954e-001 -3.469608e-002
    endloop
  endfacet
  facet normal -6.893334e-001 -2.453411e-002 7.240287e-001
    outer loop
      vertex  -7.071068e-001 0.000000e+000 7.071068e-001
      vertex  -7.062550e-001 -4.906768e-002 7.062550e-001
      vertex  -6.715590e-001 0.000000e+000 7.409511e-001
    endloop
  endfacet
  facet normal -7.240287e-001 2.453411e-002 6.893334e-001
    outer loop
      vertex  -7.071068e-001 0.000000e+000 7.071068e-001
      vertex  -7.062550e-001 4.906768e-002 7.062550e-001
      vertex  -7.409511e-001 0.000000e+000 6.715590e-001
    endloop
  endfacet
  facet normal -7.240287e-001 -2.453411e-002 6.893334e-001
    outer loop
      vertex  -7.071068e-001 0.000000e+000 7.071068e-001
      vertex  -7.409511e-001 0.000000e+000 6.715590e-001
      vertex  -7.062550e-001 -4.906768e-002 7.062550e-001
    endloop
  endfacet
  facet normal -6.893334e-001 2.453411e-002 7.240287e-001
    outer loop
      vertex  -7.071068e-001 0.000000e+000 7.071068e-001
      vertex  -6.715590e-001 0.000000e+000 7.409511e-001
      vertex  -7.062550e-001 4.906768e-002 7.062550e-001
    endloop
  endfacet
  facet normal 7.240287e-001 -2.453411e-002 6.893334e-001
    outer loop
      vertex  7.071068e-001 0.000000e+000 7.071068e-001
      vertex  7.062550e-001 -4.906768e-002 7.062550e-001
      vertex  7.409511e-001 0.000000e+000 6.715590e-001
    endloop
  endfacet
  facet normal 6.893334e-001 2.453411e-002 7.240287e-001
    outer loop
      vertex  7.071068e-001 0.000000e+000 7.071068e-001
      vertex  7.062550e-001 4.906768e-002 7.062550e-001
      vertex  6.715590e-001 0.000000e+000 7.409511e-001
    endloop
  endfacet
  facet normal 6.893334e-001 -2.453411e-002 7.240287e-001
    outer loop
      vertex  7.071068e-001 0.000000e+000 7.071068e-001
      vertex  6.715590e-001 0.000000e+000 7.409511e-001
      vertex  7.062550e-001 -4.906768e-002 7.062550e-001
    endloop
  endfacet
  facet normal 7.240287e-001 2.453411e-002 6.893334e-001
    outer loop
      vertex  7.071068e-001 0.000000e+000 7.071068e-001
      vertex  7.409511e-001 0.000000e+000 6.715590e-001
      vertex  7.062550e-001 4.906768e-002 7.062550e-001
    endloop
  endfacet
  facet normal 6.893334e-001 -2.453411e-002 -7.240287e-001
    outer loop
      vertex  7.071068e-001 0.000000e+000 -7.071068e-001
      vertex  7.062550e-001 -4.906768e-002 -7.062550e-001
      vertex  6.715590e-001 0.000000e+000 -7.409511e-001
    endloop
  endfacet
  facet normal 7.240287e-001 2.453411e-002 -6.893334e-001
    outer loop
      vertex  7.071068e-001 0.000000e+000 -7.071068e-001
      vertex  7.062550e-001 4.906768e-002 -7.062550e-001
      vertex  7.409511e-001 0.000000e+000 -6.715590e-001
    endloop
  endfacet
  facet normal 7.240287e-001 -2.453411e-002 -6.893334e-001
    outer loop
      vertex  7.071068e-001 0.000000e+000 -7.071068e-001
      vertex  7.409511e-001 0.000000e+000 -6.715590e-001
      vertex  7.062550e-001 -4.906768e-002 -7.062550e-001
    endloop
  endfacet
  facet normal 6.893334e-001 2.453411e-002 -7.240287e-001
    outer loop
      vertex  7.071068e-001 0.000000e+000 -7.071068e-001
      vertex  6.715590e-001 0.000000e+000 -7.409511e-001
      vertex  7.062550e-001 4.906768e-002 -7.062550e-001
    endloop
  endfacet
  facet normal -7.240287e-001 -2.453411e-002 -6.893334e-001
    outer loop
      vertex  -7.071068e-001 0.000000e+000 -7.071068e-001
      vertex  -7.062550e-001 -4.906768e-002 -7.062550e-001
      vertex  -7.409511e-001 0.000000e+000 -6.715590e-001
    endloop
  endfacet
  facet normal -6.893334e-001 2.453411e-002 -7.240287e-001
    outer loop
      vertex  -7.071068e-001 0.000000e+000 -7.071068e-001
      vertex  -7.062550e-001 4.906768e-002 -7.062550e-001
      vertex  -6.715590e-001 0.000000e+000 -7.409511e-001
    endloop
  endfacet
  facet normal -6.893334e-001 -2.453411e-002 -7.240287e-001
    outer loop
      vertex  -7.071068e-001 0.000000e+000 -7.071068e-001
      vertex  -6.715590e-001 0.000000e+000 -7.409511e-001
      vertex  -7.062550e-001 -4.906768e-002 -7.062550e-001
    endloop
  endfacet
  facet normal -7.240287e-001 2.453411e-002 -6.893334e-001
    outer loop
      vertex  -7.071068e-001 0.000000e+000 -7.071068e-001
      vertex  -7.409511e-001 0.000000e+000 -6.715590e-001
      vertex  -7.062550e-001 4.906768e-002 -7.062550e-001
    endloop
  endfacet
  facet normal 0.000000e+000 9.993979e-001 3.469628e-002
    outer loop
      vertex  0.000000e+000 1.000000e+000 0.000000e+000
      vertex  -3.469608e-002 9.987954e-001 3.469608e-002
      vertex  3.469608e-002 9.987954e-001 3.469608e-002
    endloop
  endfacet
  facet normal 3.469628e-002 9.993979e-001 0.000000e+000
    outer loop
      vertex  0.000000e+000 1.000000e+000 0.000000e+000
      vertex  3.469608e-002 9.987954e-001 3.469608e-002
      vertex  3.469608e-002 9.987954e-001 -3.469608e-002
    endloop
  endfacet
  facet normal 0.000000e+000 9.993979e-001 -3.469628e-002
    outer loop
      vertex  0.000000e+000 1.000000e+000 0.000000e+000
      vertex  3.469608e-002 9.987954e-001 -3.469608e-002
      vertex  -3.469608e-002 9.987954e-001 -3.469608e-002
    endloop
  endfacet
  facet normal -3.469628e-002 9.993979e-001 0.000000e+000
    outer loop
      vertex  0.000000e+000 1.000000e+000 0.000000e+000
      vertex  -3.469608e-002 9.987954e-001 -3.469608e-002
      vertex  -3.469608e-002 9.987954e-001 3.469608e-002
    endloop
  endfacet
  facet normal 4.712708e-001 -7.065390e-001 5.279267e-001
    outer loop
      vertex  5.000000e-001 -7.071068e-001 5.000000e-001
      vertex  4.800492e-001 -6.788921e-001 5.555702e-001
      vertex  4.422887e-001 -7.322935e-001 5.178097e-001
    endloop
  endfacet
  facet normal 4.713856e-001 -7.240601e-001 5.035202e-001
    outer loop
      vertex  5.000000e-001 -7.071068e-001 5.000000e-001
      vertex  4.422887e-001 -7.322935e-001 5.178097e-001
      vertex  4.748639e-001 -7.409511e-001 4.748639e-001
    endloop
  endfacet
  facet normal 4.959199e-001 -6.893628e-001 5.280554e-001
    outer loop
      vertex  5.000000e-001 -7.071068e-001 5.000000e-001
      vertex  5.239316e-001 -6.715590e-001 5.239316e-001
      vertex  4.800492e-001 -6.788921e-001 5.555702e-001
    endloop
  endfacet
  facet normal 2.453502e-002 -2.272234e-002 9.994407e-001
    outer loop
      vertex  0.000000e+000 0.000000e+000 1.000000e+000
      vertex  3.776051e-002 -5.340143e-002 9.978589e-001
      vertex  4.906768e-002 0.000000e+000 9.987954e-001
    endloop
  endfacet
  facet normal -2.453502e-002 -2.272234e-002 9.994407e-001
    outer loop
      vertex  0.000000e+000 0.000000e+000 1.000000e+000
      vertex  -4.906768e-002 0.000000e+000 9.987954e-001
      vertex  -3.776051e-002 -5.340143e-002 9.978589e-001
    endloop
  endfacet
  facet normal 0.000000e+000 -4.006146e-002 9.991971e-001
    outer loop
      vertex  0.000000e+000 0.000000e+000 1.000000e+000
      vertex  -3.776051e-002 -5.340143e-002 9.978589e-001
      vertex  3.776051e-002 -5.340143e-002 9.978589e-001
    endloop
  endfacet
  facet normal -4.712708e-001 -7.065390e-001 5.279267e-001
    outer loop
      vertex  -5.000000e-001 -7.071068e-001 5.000000e-001
      vertex  -4.422887e-001 -7.322935e-001 5.178097e-001
      vertex  -4.800492e-001 -6.788921e-001 5.555702e-001
    endloop
  endfacet
  facet normal -4.713856e-001 -7.240601e-001 5.035202e-001
    outer loop
      vertex  -5.000000e-001 -7.071068e-001 5.000000e-001
      vertex  -4.748639e-001 -7.409511e-001 4.748639e-001
      vertex  -4.422887e-001 -7.322935e-001 5.178097e-001
    endloop
  endfacet
  facet normal -4.959199e-001 -6.893628e-001 5.280554e-001
    outer loop
      vertex  -5.000000e-001 -7.071068e-001 5.000000e-001
      vertex  -4.800492e-001 -6.788921e-001 5.555702e-001
      vertex  -5.239316e-001 -6.715590e-001 5.239316e-001
    endloop
  endfacet
  facet normal 5.279267e-001 -7.065390e-001 -4.712708e-001
    outer loop
      vertex  5.000000e-001 -7.071068e-001 -5.000000e-001
      vertex  5.555702e-001 -6.788921e-001 -4.800492e-001
      vertex  5.178097e-001 -7.322935e-001 -4.422887e-001
    endloop
  endfacet
  facet normal 5.035202e-001 -7.240601e-001 -4.713856e-001
    outer loop
      vertex  5.000000e-001 -7.071068e-001 -5.000000e-001
      vertex  5.178097e-001 -7.322935e-001 -4.422887e-001
      vertex  4.748639e-001 -7.409511e-001 -4.748639e-001
    endloop
  endfacet
  facet normal 5.280554e-001 -6.893628e-001 -4.959199e-001
    outer loop
      vertex  5.000000e-001 -7.071068e-001 -5.000000e-001
      vertex  5.239316e-001 -6.715590e-001 -5.239316e-001
      vertex  5.555702e-001 -6.788921e-001 -4.800492e-001
    endloop
  endfacet
  facet normal 9.994407e-001 -2.272234e-002 -2.453502e-002
    outer loop
      vertex  1.000000e+000 0.000000e+000 0.000000e+000
      vertex  9.978589e-001 -5.340143e-002 -3.776051e-002
      vertex  9.987954e-001 0.000000e+000 -4.906768e-002
    endloop
  endfacet
  facet normal 9.994407e-001 -2.272234e-002 2.453502e-002
    outer loop
      vertex  1.000000e+000 0.000000e+000 0.000000e+000
      vertex  9.987954e-001 0.000000e+000 4.906768e-002
      vertex  9.978589e-001 -5.340143e-002 3.776051e-002
    endloop
  endfacet
  facet normal 9.991971e-001 -4.006146e-002 0.000000e+000
    outer loop
      vertex  1.000000e+000 0.000000e+000 0.000000e+000
      vertex  9.978589e-001 -5.340143e-002 3.776051e-002
      vertex  9.978589e-001 -5.340143e-002 -3.776051e-002
    endloop
  endfacet
  facet normal 5.279267e-001 -7.065390e-001 4.712708e-001
    outer loop
      vertex  5.000000e-001 -7.071068e-001 5.000000e-001
      vertex  5.178097e-001 -7.322935e-001 4.422887e-001
      vertex  5.555702e-001 -6.788921e-001 4.800492e-001
    endloop
  endfacet
  facet normal 5.035202e-001 -7.240601e-001 4.713856e-001
    outer loop
      vertex  5.000000e-001 -7.071068e-001 5.000000e-001
      vertex  4.748639e-001 -7.409511e-001 4.748639e-001
      vertex  5.178097e-001 -7.322935e-001 4.422887e-001
    endloop
  endfacet
  facet normal 5.280554e-001 -6.893628e-001 4.959199e-001
    outer loop
      vertex  5.000000e-001 -7.071068e-001 5.000000e-001
      vertex  5.555702e-001 -6.788921e-001 4.800492e-001
      vertex  5.239316e-001 -6.715590e-001 5.239316e-001
    endloop
  endfacet
  facet normal -4.712708e-001 -7.065390e-001 -5.279267e-001
    outer loop
      vertex  -5.000000e-001 -7.071068e-001 -5.000000e-001
      vertex  -4.800492e-001 -6.788921e-001 -5.555702e-001
      vertex  -4.422887e-001 -7.322935e-001 -5.178097e-001
    endloop
  endfacet
  facet normal -4.713856e-001 -7.240601e-001 -5.035202e-001
    outer loop
      vertex  -5.000000e-001 -7.071068e-001 -5.000000e-001
      vertex  -4.422887e-001 -7.322935e-001 -5.178097e-001
      vertex  -4.748639e-001 -7.409511e-001 -4.748639e-001
    endloop
  endfacet
  facet normal -4.959199e-001 -6.893628e-001 -5.280554e-001
    outer loop
      vertex  -5.000000e-001 -7.071068e-001 -5.000000e-001
      vertex  -5.239316e-001 -6.715590e-001 -5.239316e-001
      vertex  -4.800492e-001 -6.788921e-001 -5.555702e-001
    endloop
  endfacet
  facet normal -2.453502e-002 -2.272234e-002 -9.994407e-001
    outer loop
      vertex  0.000000e+000 0.000000e+000 -1.000000e+000
      vertex  -3.776051e-002 -5.340143e-002 -9.978589e-001
      vertex  -4.906768e-002 0.000000e+000 -9.987954e-001
    endloop
  endfacet
  facet normal 2.453502e-002 -2.272234e-002 -9.994407e-001
    outer loop
      vertex  0.000000e+000 0.000000e+000 -1.000000e+000
      vertex  4.906768e-002 0.000000e+000 -9.987954e-001
      vertex  3.776051e-002 -5.340143e-002 -9.978589e-001
    endloop
  endfacet
  facet normal 0.000000e+000 -4.006146e-002 -9.991971e-001
    outer loop
      vertex  0.000000e+000 0.000000e+000 -1.000000e+000
      vertex  3.776051e-002 -5.340143e-002 -9.978589e-001
      vertex  -3.776051e-002 -5.340143e-002 -9.978589e-001
    endloop
  endfacet
  facet normal 4.712708e-001 -7.065390e-001 -5.279267e-001
    outer loop
      vertex  5.000000e-001 -7.071068e-001 -5.000000e-001
      vertex  4.422887e-001 -7.322935e-001 -5.178097e-001
      vertex  4.800492e-001 -6.788921e-001 -5.555702e-001
    endloop
  endfacet
  facet normal 4.713856e-001 -7.240601e-001 -5.035202e-001
    outer loop
      vertex  5.000000e-001 -7.071068e-001 -5.000000e-001
      vertex  4.748639e-001 -7.409511e-001 -4.748639e-001
      vertex  4.422887e-001 -7.322935e-001 -5.178097e-001
    endloop
  endfacet
  facet normal 4.959199e-001 -6.893628e-001 -5.280554e-001
    outer loop
      vertex  5.000000e-001 -7.071068e-001 -5.000000e-001
      vertex  4.800492e-001 -6.788921e-001 -5.555702e-001
      vertex  5.239316e-001 -6.715590e-001 -5.239316e-001
    endloop
  endfacet
  facet normal -5.279267e-001 -7.065390e-001 4.712708e-001
    outer loop
      vertex  -5.000000e-001 -7.071068e-001 5.000000e-001
      vertex  -5.555702e-001 -6.788921e-001 4.800492e-001
      vertex  -5.178097e-001 -7.322935e-001 4.422887e-001
    endloop
  endfacet
  facet normal -5.035202e-001 -7.240601e-001 4.713856e-001
    outer loop
      vertex  -5.000000e-001 -7.071068e-001 5.000000e-001
      vertex  -5.178097e-001 -7.322935e-001 4.422887e-001
      vertex  -4.748639e-001 -7.409511e-001 4.748639e-001
    endloop
  endfacet
  facet normal -5.280554e-001 -6.893628e-001 4.959199e-001
    outer loop
      vertex  -5.000000e-001 -7.071068e-001 5.000000e-001
      vertex  -5.239316e-001 -6.715590e-001 5.239316e-001
      vertex  -5.555702e-001 -6.788921e-001 4.800492e-001
    endloop
  endfacet
  facet normal -9.994407e-001 -2.272234e-002 2.453502e-002
    outer loop
      vertex  -1.000000e+000 0.000000e+000 0.000000e+000
      vertex  -9.978589e-001 -5.340143e-002 3.776051e-002
      vertex  -9.987954e-001 0.000000e+000 4.906768e-002
    endloop
  endfacet
  facet normal -9.994407e-001 -2.272234e-002 -2.453502e-002
    outer loop
      vertex  -1.000000e+000 0.000000e+000 0.000000e+000
      vertex  -9.987954e-001 0.000000e+000 -4.906768e-002
      vertex  -9.978589e-001 -5.340143e-002 -3.776051e-002
    endloop
  endfacet
  facet normal -9.991971e-001 -4.006146e-002 0.000000e+000
    outer loop
      vertex  -1.000000e+000 0.000000e+000 0.000000e+000
      vertex  -9.978589e-001 -5.340143e-002 -3.776051e-002
      vertex  -9.978589e-001 -5.340143e-002 3.776051e-002
    endloop
  endfacet
  facet normal -5.279267e-001 -7.065390e-001 -4.712708e-001
    outer loop
      vertex  -5.000000e-001 -7.071068e-001 -5.000000e-001
      vertex  -5.178097e-001 -7.322935e-001 -4.422887e-001
      vertex  -5.555702e-001 -6.788921e-001 -4.800492e-001
    endloop
  endfacet
  facet normal -5.035202e-001 -7.240601e-001 -4.713856e-001
    outer loop
      vertex  -5.000000e-001 -7.071068e-001 -5.000000e-001
      vertex  -4.748639e-001 -7.409511e-001 -4.748639e-001
      vertex  -5.178097e-001 -7.322935e-001 -4.422887e-001
    endloop
  endfacet
  facet normal -5.280554e-001 -6.893628e-001 -4.959199e-001
    outer loop
      vertex  -5.000000e-001 -7.071068e-001 -5.000000e-001
      vertex  -5.555702e-001 -6.788921e-001 -4.800492e-001
      vertex  -5.239316e-001 -6.715590e-001 -5.239316e-001
    endloop
  endfacet
  facet normal -4.712708e-001 7.065390e-001 5.279267e-001
    outer loop
      vertex  -5.000000e-001 7.071068e-001 5.000000e-001
      vertex  -4.800492e-001 6.788921e-001 5.555702e-001
      vertex  -4.422887e-001 7.322935e-001 5.178097e-001
    endloop
  endfacet
  facet normal -4.713856e-001 7.240601e-001 5.035202e-001
    outer loop
      vertex  -5.000000e-001 7.071068e-001 5.000000e-001
      vertex  -4.422887e-001 7.322935e-001 5.178097e-001
      vertex  -4.748639e-001 7.409511e-001 4.748639e-001
    endloop
  endfacet
  facet normal -4.959199e-001 6.893628e-001 5.280554e-001
    outer loop
      vertex  -5.000000e-001 7.071068e-001 5.000000e-001
      vertex  -5.239316e-001 6.715590e-001 5.239316e-001
      vertex  -4.800492e-001 6.788921e-001 5.555702e-001
    endloop
  endfacet
  facet normal -2.453502e-002 2.272234e-002 9.994407e-001
    outer loop
      vertex  0.000000e+000 0.000000e+000 1.000000e+000
      vertex  -3.776051e-002 5.340143e-002 9.978589e-001
      vertex  -4.906768e-002 0.000000e+000 9.987954e-001
    endloop
  endfacet
  facet normal 2.453502e-002 2.272234e-002 9.994407e-001
    outer loop
      vertex  0.000000e+000 0.000000e+000 1.000000e+000
      vertex  4.906768e-002 0.000000e+000 9.987954e-001
      vertex  3.776051e-002 5.340143e-002 9.978589e-001
    endloop
  endfacet
  facet normal 0.000000e+000 4.006146e-002 9.991971e-001
    outer loop
      vertex  0.000000e+000 0.000000e+000 1.000000e+000
      vertex  3.776051e-002 5.340143e-002 9.978589e-001
      vertex  -3.776051e-002 5.340143e-002 9.978589e-001
    endloop
  endfacet
  facet normal 4.712708e-001 7.065390e-001 5.279267e-001
    outer loop
      vertex  5.000000e-001 7.071068e-001 5.000000e-001
      vertex  4.422887e-001 7.322935e-001 5.178097e-001
      vertex  4.800492e-001 6.788921e-001 5.555702e-001
    endloop
  endfacet
  facet normal 4.713856e-001 7.240601e-001 5.035202e-001
    outer loop
      vertex  5.000000e-001 7.071068e-001 5.000000e-001
      vertex  4.748639e-001 7.409511e-001 4.748639e-001
      vertex  4.422887e-001 7.322935e-001 5.178097e-001
    endloop
  endfacet
  facet normal 4.959199e-001 6.893628e-001 5.280554e-001
    outer loop
      vertex  5.000000e-001 7.071068e-001 5.000000e-001
      vertex  4.800492e-001 6.788921e-001 5.555702e-001
      vertex  5.239316e-001 6.715590e-001 5.239316e-001
    endloop
  endfacet
  facet normal 5.279267e-001 7.065390e-001 4.712708e-001
    outer loop
      vertex  5.000000e-001 7.071068e-001 5.000000e-001
      vertex  5.555702e-001 6.788921e-001 4.800492e-001
      vertex  5.178097e-001 7.322935e-001 4.422887e-001
    endloop
  endfacet
  facet normal 5.035202e-001 7.240601e-001 4.713856e-001
    outer loop
      vertex  5.000000e-001 7.071068e-001 5.000000e-001
      vertex  5.178097e-001 7.322935e-001 4.422887e-001
      vertex  4.748639e-001 7.409511e-001 4.748639e-001
    endloop
  endfacet
  facet normal 5.280554e-001 6.893628e-001 4.959199e-001
    outer loop
      vertex  5.000000e-001 7.071068e-001 5.000000e-001
      vertex  5.239316e-001 6.715590e-001 5.239316e-001
      vertex  5.555702e-001 6.788921e-001 4.800492e-001
    endloop
  endfacet
  facet normal 9.994407e-001 2.272234e-002 2.453502e-002
    outer loop
      vertex  1.000000e+000 0.000000e+000 0.000000e+000
      vertex  9.978589e-001 5.340143e-002 3.776051e-002
      vertex  9.987954e-001 0.000000e+000 4.906768e-002
    endloop
  endfacet
  facet normal 9.994407e-001 2.272234e-002 -2.453502e-002
    outer loop
      vertex  1.000000e+000 0.000000e+000 0.000000e+000
      vertex  9.987954e-001 0.000000e+000 -4.906768e-002
      vertex  9.978589e-001 5.340143e-002 -3.776051e-002
    endloop
  endfacet
  facet normal 9.991971e-001 4.006146e-002 0.000000e+000
    outer loop
      vertex  1.000000e+000 0.000000e+000 0.000000e+000
      vertex  9.978589e-001 5.340143e-002 -3.776051e-002
      vertex  9.978589e-001 5.340143e-002 3.776051e-002
    endloop
  endfacet
  facet normal 5.279267e-001 7.065390e-001 -4.712708e-001
    outer loop
      vertex  5.000000e-001 7.071068e-001 -5.000000e-001
      vertex  5.178097e-001 7.322935e-001 -4.422887e-001
      vertex  5.555702e-001 6.788921e-001 -4.800492e-001
    endloop
  endfacet
  facet normal 5.035202e-001 7.240601e-001 -4.713856e-001
    outer loop
      vertex  5.000000e-001 7.071068e-001 -5.000000e-001
      vertex  4.748639e-001 7.409511e-001 -4.748639e-001
      vertex  5.178097e-001 7.322935e-001 -4.422887e-001
    endloop
  endfacet
  facet normal 5.280554e-001 6.893628e-001 -4.959199e-001
    outer loop
      vertex  5.000000e-001 7.071068e-001 -5.000000e-001
      vertex  5.555702e-001 6.788921e-001 -4.800492e-001
      vertex  5.239316e-001 6.715590e-001 -5.239316e-001
    endloop
  endfacet
  facet normal 4.712708e-001 7.065390e-001 -5.279267e-001
    outer loop
      vertex  5.000000e-001 7.071068e-001 -5.000000e-001
      vertex  4.800492e-001 6.788921e-001 -5.555702e-001
      vertex  4.422887e-001 7.322935e-001 -5.178097e-001
    endloop
  endfacet
  facet normal 4.713856e-001 7.240601e-001 -5.035202e-001
    outer loop
      vertex  5.000000e-001 7.071068e-001 -5.000000e-001
      vertex  4.422887e-001 7.322935e-001 -5.178097e-001
      vertex  4.748639e-001 7.409511e-001 -4.748639e-001
    endloop
  endfacet
  facet normal 4.959199e-001 6.893628e-001 -5.280554e-001
    outer loop
      vertex  5.000000e-001 7.071068e-001 -5.000000e-001
      vertex  5.239316e-001 6.715590e-001 -5.239316e-001
      vertex  4.800492e-001 6.788921e-001 -5.555702e-001
    endloop
  endfacet
  facet normal 2.453502e-002 2.272234e-002 -9.994407e-001
    outer loop
      vertex  0.000000e+000 0.000000e+000 -1.000000e+000
      vertex  3.776051e-002 5.340143e-002 -9.978589e-001
      vertex  4.906768e-002 0.000000e+000 -9.987954e-001
    endloop
  endfacet
  facet normal -2.453502e-002 2.272234e-002 -9.994407e-001
    outer loop
      vertex  0.000000e+000 0.000000e+000 -1.000000e+000
      vertex  -4.906768e-002 0.000000e+000 -9.987954e-001
      vertex  -3.776051e-002 5.340143e-002 -9.978589e-001
    endloop
  endfacet
  facet normal 0.000000e+000 4.006146e-002 -9.991971e-001
    outer loop
      vertex  0.000000e+000 0.000000e+000 -1.000000e+000
      vertex  -3.776051e-002 5.340143e-002 -9.978589e-001
      vertex  3.776051e-002 5.340143e-002 -9.978589e-001
    endloop
  endfacet
  facet normal -4.712708e-001 7.065390e-001 -5.279267e-001
    outer loop
      vertex  -5.000000e-001 7.071068e-001 -5.000000e-001
      vertex  -4.422887e-001 7.322935e-001 -5.178097e-001
      vertex  -4.800492e-001 6.788921e-001 -5.555702e-001
    endloop
  endfacet
  facet normal -4.713856e-001 7.240601e-001 -5.035202e-001
    outer loop
      vertex  -5.000000e-001 7.071068e-001 -5.000000e-001
      vertex  -4.748639e-001 7.409511e-001 -4.748639e-001
      vertex  -4.422887e-001 7.322935e-001 -5.178097e-001
    endloop
  endfacet
  facet normal -4.959199e-001 6.893628e-001 -5.280554e-001
    outer loop
      vertex  -5.000000e-001 7.071068e-001 -5.000000e-001
      vertex  -4.800492e-001 6.788921e-001 -5.555702e-001
      vertex  -5.239316e-001 6.715590e-001 -5.239316e-001
    endloop
  endfacet
  facet normal -5.279267e-001 7.065390e-001 -4.712708e-001
    outer loop
      vertex  -5.000000e-001 7.071068e-001 -5.000000e-001
      vertex  -5.555702e-001 6.788921e-001 -4.800492e-001
      vertex  -5.178097e-001 7.322935e-001 -4.422887e-001
    endloop
  endfacet
  facet normal -5.035202e-001 7.240601e-001 -4.713856e-001
    outer loop
      vertex  -5.000000e-001 7.071068e-001 -5.000000e-001
      vertex  -5.178097e-001 7.322935e-001 -4.422887e-001
      vertex  -4.748639e-001 7.409511e-001 -4.748639e-001
    endloop
  endfacet
  facet normal -5.280554e-001 6.893628e-001 -4.959199e-001
    outer loop
      vertex  -5.000000e-001 7.071068e-001 -5.000000e-001
      vertex  -5.239316e-001 6.715590e-001 -5.239316e-001
      vertex  -5.555702e-001 6.788921e-001 -4.800492e-001
    endloop
  endfacet
  facet normal -9.994407e-001 2.272234e-002 -2.453502e-002
    outer loop
      vertex  -1.000000e+000 0.000000e+000 0.000000e+000
      vertex  -9.978589e-001 5.340143e-002 -3.776051e-002
      vertex  -9.987954e-001 0.000000e+000 -4.906768e-002
    endloop
  endfacet
  facet normal -9.994407e-001 2.272234e-002 2.453502e-002
    outer loop
      vertex  -1.000000e+000 0.000000e+000 0.000000e+000
      vertex  -9.987954e-001 0.000000e+000 4.906768e-002
      vertex  -9.978589e-001 5.340143e-002 3.776051e-002
    endloop
  endfacet
  facet normal -9.991971e-001 4.006146e-002 0.000000e+000
    outer loop
      vertex  -1.000000e+000 0.000000e+000 0.000000e+000
      vertex  -9.978589e-001 5.340143e-002 3.776051e-002
      vertex  -9.978589e-001 5.340143e-002 -3.776051e-002
    endloop
  endfacet
  facet normal -5.279267e-001 7.065390e-001 4.712708e-001
    outer loop
      vertex  -5.000000e-001 7.071068e-001 5.000000e-001
      vertex  -5.178097e-001 7.322935e-001 4.422887e-001
      vertex  -5.555702e-001 6.788921e-001 4.800492e-001
    endloop
  endfacet
  facet normal -5.035202e-001 7.240601e-001 4.713856e-001
    outer loop
      vertex  -5.000000e-001 7.071068e-001 5.000000e-001
      vertex  -4.748639e-001 7.409511e-001 4.748639e-001
      vertex  -5.178097e-001 7.322935e-001 4.422887e-001
    endloop
  endfacet
  facet normal -5.280554e-001 6.893628e-001 4.959199e-001
    outer loop
      vertex  -5.000000e-001 7.071068e-001 5.000000e-001
      vertex  -5.555702e-001 6.788921e-001 4.800492e-001
      vertex  -5.239316e-001 6.715590e-001 5.239316e-001
    endloop
  endfacet
  facet normal -3.172512e-001 -3.876616e-001 8.654883e-001
    outer loop
      vertex  -2.886751e-001 -4.082483e-001 8.660254e-001
      vertex  -3.036994e-001 -3.597877e-001 8.822241e-001
      vertex  -3.385534e-001 -4.090788e-001 8.473701e-001
    endloop
  endfacet
  facet normal -3.104944e-001 -4.271804e-001 8.491820e-001
    outer loop
      vertex  -2.886751e-001 -4.082483e-001 8.660254e-001
      vertex  -3.385534e-001 -4.090788e-001 8.473701e-001
      vertex  -3.207586e-001 -4.536212e-001 8.314696e-001
    endloop
  endfacet
  facet normal -2.777772e-001 -3.809094e-001 8.819001e-001
    outer loop
      vertex  -2.886751e-001 -4.082483e-001 8.660254e-001
      vertex  -2.553555e-001 -3.611272e-001 8.968728e-001
      vertex  -3.036994e-001 -3.597877e-001 8.822241e-001
    endloop
  endfacet
  facet normal -3.597998e-001 -2.306693e-002 9.327444e-001
    outer loop
      vertex  -3.826834e-001 0.000000e+000 9.238795e-001
      vertex  -3.744400e-001 -5.258391e-002 9.257590e-001
      vertex  -3.368899e-001 0.000000e+000 9.415441e-001
    endloop
  endfacet
  facet normal -4.051242e-001 -2.395616e-002 9.139477e-001
    outer loop
      vertex  -3.826834e-001 0.000000e+000 9.238795e-001
      vertex  -4.275551e-001 0.000000e+000 9.039893e-001
      vertex  -4.247001e-001 -5.027717e-002 9.039370e-001
    endloop
  endfacet
  facet normal -3.992360e-001 -2.983478e-002 9.163626e-001
    outer loop
      vertex  -3.826834e-001 0.000000e+000 9.238795e-001
      vertex  -4.247001e-001 -5.027717e-002 9.039370e-001
      vertex  -3.744400e-001 -5.258391e-002 9.257590e-001
    endloop
  endfacet
  facet normal -6.367022e-001 -3.656633e-001 6.788967e-001
    outer loop
      vertex  -6.532815e-001 -3.826834e-001 6.532815e-001
      vertex  -6.129170e-001 -3.898414e-001 6.872819e-001
      vertex  -6.287672e-001 -3.388716e-001 6.998699e-001
    endloop
  endfacet
  facet normal -6.299602e-001 -4.051341e-001 6.625831e-001
    outer loop
      vertex  -6.532815e-001 -3.826834e-001 6.532815e-001
      vertex  -6.392170e-001 -4.275551e-001 6.392170e-001
      vertex  -6.129170e-001 -3.898414e-001 6.872819e-001
    endloop
  endfacet
  facet normal -6.425964e-001 -3.597914e-001 6.764762e-001
    outer loop
      vertex  -6.532815e-001 -3.826834e-001 6.532815e-001
      vertex  -6.287672e-001 -3.388716e-001 6.998699e-001
      vertex  -6.657722e-001 -3.368899e-001 6.657722e-001
    endloop
  endfacet
  facet normal 8.654883e-001 -3.876616e-001 3.172512e-001
    outer loop
      vertex  8.660254e-001 -4.082483e-001 2.886751e-001
      vertex  8.822241e-001 -3.597877e-001 3.036994e-001
      vertex  8.473701e-001 -4.090788e-001 3.385534e-001
    endloop
  endfacet
  facet normal 8.491820e-001 -4.271804e-001 3.104944e-001
    outer loop
      vertex  8.660254e-001 -4.082483e-001 2.886751e-001
      vertex  8.473701e-001 -4.090788e-001 3.385534e-001
      vertex  8.314696e-001 -4.536212e-001 3.207586e-001
    endloop
  endfacet
  facet normal 8.819001e-001 -3.809094e-001 2.777772e-001
    outer loop
      vertex  8.660254e-001 -4.082483e-001 2.886751e-001
      vertex  8.968728e-001 -3.611272e-001 2.553555e-001
      vertex  8.822241e-001 -3.597877e-001 3.036994e-001
    endloop
  endfacet
  facet normal 9.327444e-001 -2.306693e-002 3.597998e-001
    outer loop
      vertex  9.238795e-001 0.000000e+000 3.826834e-001
      vertex  9.257590e-001 -5.258391e-002 3.744400e-001
      vertex  9.415441e-001 0.000000e+000 3.368899e-001
    endloop
  endfacet
  facet normal 9.139477e-001 -2.395616e-002 4.051242e-001
    outer loop
      vertex  9.238795e-001 0.000000e+000 3.826834e-001
      vertex  9.039893e-001 0.000000e+000 4.275551e-001
      vertex  9.039370e-001 -5.027717e-002 4.247001e-001
    endloop
  endfacet
  facet normal 9.163626e-001 -2.983478e-002 3.992360e-001
    outer loop
      vertex  9.238795e-001 0.000000e+000 3.826834e-001
      vertex  9.039370e-001 -5.027717e-002 4.247001e-001
      vertex  9.257590e-001 -5.258391e-002 3.744400e-001
    endloop
  endfacet
  facet normal 6.788967e-001 -3.656633e-001 6.367022e-001
    outer loop
      vertex  6.532815e-001 -3.826834e-001 6.532815e-001
      vertex  6.872819e-001 -3.898414e-001 6.129170e-001
      vertex  6.998699e-001 -3.388716e-001 6.287672e-001
    endloop
  endfacet
  facet normal 6.625832e-001 -4.051342e-001 6.299603e-001
    outer loop
      vertex  6.532815e-001 -3.826834e-001 6.532815e-001
      vertex  6.392170e-001 -4.275551e-001 6.392170e-001
      vertex  6.872819e-001 -3.898414e-001 6.129170e-001
    endloop
  endfacet
  facet normal 6.764762e-001 -3.597914e-001 6.425964e-001
    outer loop
      vertex  6.532815e-001 -3.826834e-001 6.532815e-001
      vertex  6.998699e-001 -3.388716e-001 6.287672e-001
      vertex  6.657722e-001 -3.368899e-001 6.657722e-001
    endloop
  endfacet
  facet normal 3.172512e-001 -3.876616e-001 -8.654883e-001
    outer loop
      vertex  2.886751e-001 -4.082483e-001 -8.660254e-001
      vertex  3.036994e-001 -3.597877e-001 -8.822241e-001
      vertex  3.385534e-001 -4.090788e-001 -8.473701e-001
    endloop
  endfacet
  facet normal 3.104944e-001 -4.271804e-001 -8.491820e-001
    outer loop
      vertex  2.886751e-001 -4.082483e-001 -8.660254e-001
      vertex  3.385534e-001 -4.090788e-001 -8.473701e-001
      vertex  3.207586e-001 -4.536212e-001 -8.314696e-001
    endloop
  endfacet
  facet normal 2.777772e-001 -3.809094e-001 -8.819001e-001
    outer loop
      vertex  2.886751e-001 -4.082483e-001 -8.660254e-001
      vertex  2.553555e-001 -3.611272e-001 -8.968728e-001
      vertex  3.036994e-001 -3.597877e-001 -8.822241e-001
    endloop
  endfacet
  facet normal 3.597998e-001 -2.306693e-002 -9.327444e-001
    outer loop
      vertex  3.826834e-001 0.000000e+000 -9.238795e-001
      vertex  3.744400e-001 -5.258391e-002 -9.257590e-001
      vertex  3.368899e-001 0.000000e+000 -9.415441e-001
    endloop
  endfacet
  facet normal 4.051242e-001 -2.395616e-002 -9.139477e-001
    outer loop
      vertex  3.826834e-001 0.000000e+000 -9.238795e-001
      vertex  4.275551e-001 0.000000e+000 -9.039893e-001
      vertex  4.247001e-001 -5.027717e-002 -9.039370e-001
    endloop
  endfacet
  facet normal 3.992360e-001 -2.983478e-002 -9.163626e-001
    outer loop
      vertex  3.826834e-001 0.000000e+000 -9.238795e-001
      vertex  4.247001e-001 -5.027717e-002 -9.039370e-001
      vertex  3.744400e-001 -5.258391e-002 -9.257590e-001
    endloop
  endfacet
  facet normal 6.367022e-001 -3.656633e-001 -6.788967e-001
    outer loop
      vertex  6.532815e-001 -3.826834e-001 -6.532815e-001
      vertex  6.129170e-001 -3.898414e-001 -6.872819e-001
      vertex  6.287672e-001 -3.388716e-001 -6.998699e-001
    endloop
  endfacet
  facet normal 6.299602e-001 -4.051341e-001 -6.625831e-001
    outer loop
      vertex  6.532815e-001 -3.826834e-001 -6.532815e-001
      vertex  6.392170e-001 -4.275551e-001 -6.392170e-001
      vertex  6.129170e-001 -3.898414e-001 -6.872819e-001
    endloop
  endfacet
  facet normal 6.425964e-001 -3.597914e-001 -6.764762e-001
    outer loop
      vertex  6.532815e-001 -3.826834e-001 -6.532815e-001
      vertex  6.287672e-001 -3.388716e-001 -6.998699e-001
      vertex  6.657722e-001 -3.368899e-001 -6.657722e-001
    endloop
  endfacet
  facet normal -8.654883e-001 -3.876616e-001 -3.172512e-001
    outer loop
      vertex  -8.660254e-001 -4.082483e-001 -2.886751e-001
      vertex  -8.822241e-001 -3.597877e-001 -3.036994e-001
      vertex  -8.473701e-001 -4.090788e-001 -3.385534e-001
    endloop
  endfacet
  facet normal -8.491820e-001 -4.271804e-001 -3.104944e-001
    outer loop
      vertex  -8.660254e-001 -4.082483e-001 -2.886751e-001
      vertex  -8.473701e-001 -4.090788e-001 -3.385534e-001
      vertex  -8.314696e-001 -4.536212e-001 -3.207586e-001
    endloop
  endfacet
  facet normal -8.819001e-001 -3.809094e-001 -2.777772e-001
    outer loop
      vertex  -8.660254e-001 -4.082483e-001 -2.886751e-001
      vertex  -8.968728e-001 -3.611272e-001 -2.553555e-001
      vertex  -8.822241e-001 -3.597877e-001 -3.036994e-001
    endloop
  endfacet
  facet normal -9.327444e-001 -2.306693e-002 -3.597998e-001
    outer loop
      vertex  -9.238795e-001 0.000000e+000 -3.826834e-001
      vertex  -9.257590e-001 -5.258391e-002 -3.744400e-001
      vertex  -9.415441e-001 0.000000e+000 -3.368899e-001
    endloop
  endfacet
  facet normal -9.139477e-001 -2.395616e-002 -4.051242e-001
    outer loop
      vertex  -9.238795e-001 0.000000e+000 -3.826834e-001
      vertex  -9.039893e-001 0.000000e+000 -4.275551e-001
      vertex  -9.039370e-001 -5.027717e-002 -4.247001e-001
    endloop
  endfacet
  facet normal -9.163626e-001 -2.983478e-002 -3.992360e-001
    outer loop
      vertex  -9.238795e-001 0.000000e+000 -3.826834e-001
      vertex  -9.039370e-001 -5.027717e-002 -4.247001e-001
      vertex  -9.257590e-001 -5.258391e-002 -3.744400e-001
    endloop
  endfacet
  facet normal -6.788967e-001 -3.656633e-001 -6.367022e-001
    outer loop
      vertex  -6.532815e-001 -3.826834e-001 -6.532815e-001
      vertex  -6.872819e-001 -3.898414e-001 -6.129170e-001
      vertex  -6.998699e-001 -3.388716e-001 -6.287672e-001
    endloop
  endfacet
  facet normal -6.625832e-001 -4.051342e-001 -6.299603e-001
    outer loop
      vertex  -6.532815e-001 -3.826834e-001 -6.532815e-001
      vertex  -6.392170e-001 -4.275551e-001 -6.392170e-001
      vertex  -6.872819e-001 -3.898414e-001 -6.129170e-001
    endloop
  endfacet
  facet normal -6.764762e-001 -3.597914e-001 -6.425964e-001
    outer loop
      vertex  -6.532815e-001 -3.826834e-001 -6.532815e-001
      vertex  -6.998699e-001 -3.388716e-001 -6.287672e-001
      vertex  -6.657722e-001 -3.368899e-001 -6.657722e-001
    endloop
  endfacet
  facet normal 3.172512e-001 3.876616e-001 8.654883e-001
    outer loop
      vertex  2.886751e-001 4.082483e-001 8.660254e-001
      vertex  3.036994e-001 3.597877e-001 8.822241e-001
      vertex  3.385534e-001 4.090788e-001 8.473701e-001
    endloop
  endfacet
  facet normal 3.104944e-001 4.271804e-001 8.491820e-001
    outer loop
      vertex  2.886751e-001 4.082483e-001 8.660254e-001
      vertex  3.385534e-001 4.090788e-001 8.473701e-001
      vertex  3.207586e-001 4.536212e-001 8.314696e-001
    endloop
  endfacet
  facet normal 2.777772e-001 3.809094e-001 8.819001e-001
    outer loop
      vertex  2.886751e-001 4.082483e-001 8.660254e-001
      vertex  2.553555e-001 3.611272e-001 8.968728e-001
      vertex  3.036994e-001 3.597877e-001 8.822241e-001
    endloop
  endfacet
  facet normal 3.597998e-001 2.306693e-002 9.327444e-001
    outer loop
      vertex  3.826834e-001 0.000000e+000 9.238795e-001
      vertex  3.744400e-001 5.258391e-002 9.257590e-001
      vertex  3.368899e-001 0.000000e+000 9.415441e-001
    endloop
  endfacet
  facet normal 4.051242e-001 2.395616e-002 9.139477e-001
    outer loop
      vertex  3.826834e-001 0.000000e+000 9.238795e-001
      vertex  4.275551e-001 0.000000e+000 9.039893e-001
      vertex  4.247001e-001 5.027717e-002 9.039370e-001
    endloop
  endfacet
  facet normal 3.992360e-001 2.983478e-002 9.163626e-001
    outer loop
      vertex  3.826834e-001 0.000000e+000 9.238795e-001
      vertex  4.247001e-001 5.027717e-002 9.039370e-001
      vertex  3.744400e-001 5.258391e-002 9.257590e-001
    endloop
  endfacet
  facet normal 6.367022e-001 3.656633e-001 6.788967e-001
    outer loop
      vertex  6.532815e-001 3.826834e-001 6.532815e-001
      vertex  6.129170e-001 3.898414e-001 6.872819e-001
      vertex  6.287672e-001 3.388716e-001 6.998699e-001
    endloop
  endfacet
  facet normal 6.299602e-001 4.051341e-001 6.625831e-001
    outer loop
      vertex  6.532815e-001 3.826834e-001 6.532815e-001
      vertex  6.392170e-001 4.275551e-001 6.392170e-001
      vertex  6.129170e-001 3.898414e-001 6.872819e-001
    endloop
  endfacet
  facet normal 6.425964e-001 3.597914e-001 6.764762e-001
    outer loop
      vertex  6.532815e-001 3.826834e-001 6.532815e-001
      vertex  6.287672e-001 3.388716e-001 6.998699e-001
      vertex  6.657722e-001 3.368899e-001 6.657722e-001
    endloop
  endfacet
  facet normal 8.654883e-001 3.876616e-001 -3.172512e-001
    outer loop
      vertex  8.660254e-001 4.082483e-001 -2.886751e-001
      vertex  8.822241e-001 3.597877e-001 -3.036994e-001
      vertex  8.473701e-001 4.090788e-001 -3.385534e-001
    endloop
  endfacet
  facet normal 8.491820e-001 4.271804e-001 -3.104944e-001
    outer loop
      vertex  8.660254e-001 4.082483e-001 -2.886751e-001
      vertex  8.473701e-001 4.090788e-001 -3.385534e-001
      vertex  8.314696e-001 4.536212e-001 -3.207586e-001
    endloop
  endfacet
  facet normal 8.819001e-001 3.809094e-001 -2.777772e-001
    outer loop
      vertex  8.660254e-001 4.082483e-001 -2.886751e-001
      vertex  8.968728e-001 3.611272e-001 -2.553555e-001
      vertex  8.822241e-001 3.597877e-001 -3.036994e-001
    endloop
  endfacet
  facet normal 9.327444e-001 2.306693e-002 -3.597998e-001
    outer loop
      vertex  9.238795e-001 0.000000e+000 -3.826834e-001
      vertex  9.257590e-001 5.258391e-002 -3.744400e-001
      vertex  9.415441e-001 0.000000e+000 -3.368899e-001
    endloop
  endfacet
  facet normal 9.139477e-001 2.395616e-002 -4.051242e-001
    outer loop
      vertex  9.238795e-001 0.000000e+000 -3.826834e-001
      vertex  9.039893e-001 0.000000e+000 -4.275551e-001
      vertex  9.039370e-001 5.027717e-002 -4.247001e-001
    endloop
  endfacet
  facet normal 9.163626e-001 2.983478e-002 -3.992360e-001
    outer loop
      vertex  9.238795e-001 0.000000e+000 -3.826834e-001
      vertex  9.039370e-001 5.027717e-002 -4.247001e-001
      vertex  9.257590e-001 5.258391e-002 -3.744400e-001
    endloop
  endfacet
  facet normal 6.788967e-001 3.656633e-001 -6.367022e-001
    outer loop
      vertex  6.532815e-001 3.826834e-001 -6.532815e-001
      vertex  6.872819e-001 3.898414e-001 -6.129170e-001
      vertex  6.998699e-001 3.388716e-001 -6.287672e-001
    endloop
  endfacet
  facet normal 6.625832e-001 4.051342e-001 -6.299603e-001
    outer loop
      vertex  6.532815e-001 3.826834e-001 -6.532815e-001
      vertex  6.392170e-001 4.275551e-001 -6.392170e-001
      vertex  6.872819e-001 3.898414e-001 -6.129170e-001
    endloop
